8 0.6744011976047903 0.62874251497006 0.046407185628742555 0.20359281437125745
1 0.5875748502994012 0.6267465069860279 0.11826347305389212 0.039920159680638605
1 0.7851796407185623 0.5968063872255486 0.12724550898203568 0.047904191616766345
4 0.05538922155688622 0.776447105788423 0.0688622754491018 0.09980039920159683
4 0.008982035928143712 0.7395209580838323 0.017964071856287425 0.10578842315369258
3 0.08832335329341318 0.7994011976047903 0.17664670658682635 0.34131736526946116
5 0.8525449101796405 0.5798403193612773 0.2020958083832335 0.2495009980039919
5 0.6669161676646707 0.6377245508982036 0.1841317365269461 0.249500998003992
2 0.1534431137724551 0.3992015968063873 0.11826347305389223 0.13972055888223567
7 0.30688622754491013 0.4201596806387225 0.12275449101796397 0.15768463073852282
13 0.26571856287425144 0.30339321357285426 0.09730538922155693 0.11976047904191611
11 0.6002994011976045 0.42215568862275454 0.14970059880239525 0.16966067864271467
12 0.7544910179640716 0.33133732534930127 0.14071856287425163 0.20758483033932135
